6.4e-06

0.0001

0.0014854

0.0196796

0.0419794

5.2e-06

6.16e-05

0.0010468

0.0164876

0.035994

4.6e-06

6.24e-05

0.0010424

0.0165848

0.0360032

6.4e-06

6.14e-05

0.0011478

0.016516

0.036036

4.8e-06

6.1e-05

0.001056

0.0166802

0.035938

5.4e-06

6.16e-05

0.0013026

0.0165622

0.0361352

5.2e-06

6.16e-05

0.0010388

0.0165604

0.0359508

5e-06

6.14e-05

0.0010454

0.0168156

0.0358926

4.6e-06

6.12e-05

0.0010752

0.0166538

0.036088

4.4e-06

6.08e-05

0.0010454

0.0165608

0.0359198

